$ 1 0.000005 10.20027730826997 50 5 50
a 528 288 672 288 1 15 -15 1000000 -2.2679999422652397 -2.9354783277386516
w 496 240 496 272 0
w 496 272 528 272 0
174 832 288 832 384 0 1000 0.5099 Resistance
w 528 304 400 304 0
w 1040 208 1040 320 0
g 736 384 736 416 0
a 896 320 992 320 0 15 -15 1000000 -2.9354783277386516 -2.935507682521929
w 896 304 896 272 0
w 896 272 992 272 0
w 992 272 992 320 0
w 896 336 880 336 0
w 608 208 496 208 0
w 496 240 496 208 0
w 704 208 880 208 0
w 992 320 1040 320 0
R 400 304 400 352 0 3 40 15 0 0 0.5
w 880 336 848 336 0
r 672 288 736 288 0 1000
z 736 288 736 336 1 0.805904783 5.6
z 736 384 736 336 1 0.805904783 5.6
g 832 384 832 416 0
w 736 288 832 288 0
w 880 208 1040 208 0
w 608 208 704 208 0
o 15 64 0 2083 20 0.00009765625 0 -1 0 0
o 16 64 0 2083 20 0.00009765625 0 -1 0 0
