$ 1 0.000005 10.20027730826997 50 5 50
a 496 336 640 336 1 15 -15 1000000 -8.375999201541168 4.567098377055259
r 464 384 464 464 0 1000
w 464 288 464 320 0
w 464 320 496 320 0
w 464 320 464 384 0
174 640 336 640 432 0 1000 0.39110000000000006 Resistance
w 496 352 368 352 0
w 848 256 848 368 0
g 464 464 464 480 0
g 640 432 640 464 0
a 704 368 800 368 0 15 -15 1000000 9.134196754110517 9.134288096078057
w 704 352 704 320 0
w 704 320 800 320 0
w 800 320 800 368 0
w 704 384 688 384 0
r 576 256 672 256 0 1000
w 576 256 464 256 0
w 464 288 464 256 0
w 672 256 848 256 0
w 800 368 848 368 0
R 368 352 368 400 0 3 40 15 0 0 0.5
w 688 384 656 384 0
o 19 64 0 2083 20 0.0125 0 -1 0
o 20 64 0 2083 20 0.00009765625 0 -1 0
