$ 1 5.0E-6 10.20027730826997 50 5.0 50
a 320 240 464 240 1 15.0 -15.0 1000000.0
r 288 288 288 368 0 1000.0
w 288 192 288 224 0
w 288 224 320 224 0
w 288 224 288 288 0
174 624 240 624 336 0 1000.0 0.39110000000000006 Resistance
w 320 256 192 256 0
w 832 160 832 272 0
g 288 368 288 384 0
g 528 336 528 368 0
a 688 272 784 272 0 15.0 -15.0 1000000.0
w 688 256 688 224 0
w 688 224 784 224 0
w 784 224 784 272 0
w 688 288 672 288 0
r 400 160 496 160 0 1000.0
w 400 160 288 160 0
w 288 192 288 160 0
w 496 160 672 160 0
w 784 272 832 272 0
R 192 256 192 304 0 3 40.0 15.0 0.0 0.0 0.5
w 672 288 640 288 0
r 464 240 528 240 0 1000.0
z 528 240 528 288 1 0.805904783 5.6
z 528 336 528 288 1 0.805904783 5.6
g 624 336 624 368 0
w 528 240 624 240 0
w 672 160 832 160 0
o 19 64 0 35 20.0 0.0125 0 -1 0
o 20 64 0 35 20.0 9.765625E-5 0 -1 0
